1.795190
1.791798
1.793463
1.790286
1.791016
1.793343
1.793284
1.791878
1.792418
1.794318
1.794383
1.792450
1.792121
1.794622
1.791175
1.794823
1.793201
1.792107
1.790210
1.791682
1.794783
1.791946
1.790834
1.792506
1.791740
1.791984
1.793938
1.793659
1.791502
1.794712
1.793055
1.791402
1.792404
1.790608
1.792901
2.112148
1.793170
1.790554
1.790377
1.790200
1.791344
1.790030
1.790178
1.789605
1.792031
1.793087
1.792200
1.789996
1.791414
1.792337
1.791042
1.792993
1.788764
1.792681
1.791280
1.790709
1.791955
2.756613
1.791992
1.791616
1.788856
1.792528
1.792294
1.792113
1.791013
1.797341
1.793210
1.795040
1.795022
1.793265
1.975025
1.791775
1.794158
1.789939
1.791754
1.791496
1.801266
1.793864
1.788512
1.790229
1.791930
1.791849
1.793426
1.795301
1.790463
1.796187
1.814048
1.794873
1.789152
1.790476
1.791815
1.799675
1.797282
1.791536
1.792965
1.790513
1.834522
1.793268
1.792859
1.792317
