0.793389
0.790932
0.789056
0.788585
0.791708
0.792382
0.789404
0.791423
0.790498
0.791951
0.787898
0.787147
0.788725
0.792074
0.792318
0.788046
0.791346
0.789568
0.789383
0.789421
0.793605
0.789689
0.788852
0.788970
0.792339
0.789306
0.788306
0.789281
0.788688
0.788969
0.789164
0.788369
0.790499
0.789005
0.791380
0.789153
0.788426
0.790546
0.788862
0.789143
0.791849
0.789270
0.791330
0.791069
0.790694
0.790899
0.790644
0.787278
0.791104
0.788719
0.790858
0.788075
0.788656
0.790524
0.789012
0.792086
0.790642
0.791470
0.788192
0.787953
0.790252
0.793057
0.788115
0.789262
0.791401
0.789635
0.789039
0.788567
0.791416
0.789481
0.789237
0.788972
0.789325
0.789122
0.791121
0.792282
0.791053
0.787287
0.787927
0.791347
0.792576
0.791480
0.791687
0.789250
0.791924
0.789539
0.791989
0.790377
0.790633
0.787919
0.789142
0.791063
0.787594
0.790607
0.790584
0.790093
0.792568
0.791084
0.791772
0.788855
