0.793106
0.790124
0.788619
0.789416
0.790548
0.791210
0.788804
0.787157
0.788963
0.789013
0.789169
0.789068
0.798131
0.789178
0.790957
0.789142
0.791904
0.789822
0.787877
0.791284
0.788054
0.792229
0.971091
0.790737
0.792066
0.788851
0.789128
0.791931
0.788280
0.791639
0.789229
0.791183
0.791676
0.787912
0.789418
0.789370
0.789555
0.789461
0.788733
0.790586
0.792220
0.791289
0.788992
0.790714
0.790036
0.789113
0.788989
0.791357
0.791408
0.791857
0.789376
0.791069
0.791174
0.791566
0.789404
0.792239
0.788890
0.787898
0.787372
0.789119
0.788307
0.792084
0.787863
0.790786
0.790003
0.789001
0.791388
0.788984
0.789565
0.790131
0.789312
0.790738
0.792212
0.791086
0.788987
0.790057
0.791466
0.791286
0.789162
0.789997
0.789038
0.790377
0.789258
0.791785
0.792156
0.789436
0.789573
0.787853
0.791171
0.787393
0.789041
0.789070
0.789004
0.789942
0.788444
0.789357
0.793752
0.791266
0.983884
0.788100
