0.792179
0.787784
0.790501
0.787318
0.788642
0.791172
0.793114
0.791031
0.791862
0.790305
0.788907
0.793356
0.791846
0.790637
0.790922
0.795902
0.789196
0.792321
0.788910
0.790316
0.789230
0.791996
0.789369
0.791007
0.792097
0.790669
0.791003
0.790572
0.788926
0.788638
0.791240
0.792117
0.790101
0.788620
0.795736
0.789174
0.790436
0.788379
0.788723
0.788959
0.788943
0.791685
0.791787
0.789600
0.791676
0.790746
0.789601
0.791451
0.787899
0.789039
0.791913
0.789686
0.791416
0.791227
0.790248
0.792051
0.794414
0.790529
0.790811
0.789689
0.792439
0.792052
0.790204
0.790550
0.791113
0.788652
0.788759
0.791962
0.792105
0.791213
0.790350
0.788249
0.790994
0.789785
0.790850
0.790373
0.791373
0.789057
0.791234
0.788505
0.793029
0.794159
0.790370
0.790041
0.788525
0.789084
0.791289
0.788474
0.791445
0.791736
0.797150
0.789151
0.791760
0.796650
0.792526
0.791113
0.791612
0.788879
0.788932
0.788855
