0.603777
0.673361
0.595706
0.629453
0.595739
0.595020
0.654601
0.647251
0.659103
0.569603
0.642976
0.587926
0.545475
0.618060
0.615306
0.642477
0.575755
0.647283
0.629257
0.638608
0.588316
0.605107
0.601787
0.653868
0.583466
0.668422
0.587435
0.570520
0.671920
0.648436
0.634003
0.666464
0.606821
0.581655
0.667651
0.632863
0.654836
0.642141
0.596878
0.633735
0.628651
0.579430
0.596396
0.648902
0.571059
0.580212
0.573394
0.645963
0.592473
0.596721
0.538797
0.588233
0.579597
0.573064
0.571090
0.609336
0.577741
0.577574
0.600335
0.638511
0.628737
0.644978
0.559920
0.632964
0.658144
0.586112
0.633657
0.577377
0.571704
0.569156
0.571214
0.568793
0.575891
0.613317
0.572685
0.589642
0.685259
0.639430
0.637925
0.559226
0.662278
0.598888
0.603381
0.601745
0.526067
0.408039
0.571460
0.608364
0.587897
0.656830
0.625032
0.602078
0.581427
0.603286
0.548114
0.585158
0.587804
0.578166
0.672044
0.575155
