0.173249
0.155892
0.121046
0.210240
0.123817
0.111853
0.119443
0.109127
0.166194
0.162322
0.125846
0.205482
0.184371
0.146404
0.113927
0.115645
0.128524
0.132252
0.163882
0.119398
0.120155
0.114479
0.158132
0.167620
0.108691
0.182790
0.150673
0.114305
0.119934
0.170418
0.212136
0.162324
0.122464
0.185003
0.112921
0.208475
0.209477
0.114496
0.189601
0.156910
0.211061
0.167437
0.114399
0.124834
0.114495
0.178875
0.156842
0.129600
0.115006
0.113891
0.214129
0.113498
0.129306
0.114542
0.125081
0.130827
0.121164
0.117133
0.114248
0.114058
0.123723
0.116712
0.119942
0.117961
0.112676
0.107778
0.107710
0.106406
0.159334
0.172139
0.122470
0.116173
0.120248
0.116260
0.116712
0.118881
0.129011
0.114221
0.112401
0.108170
0.109335
0.108344
0.179592
0.167571
0.114711
0.172748
0.175897
0.169737
0.117234
0.118490
0.115742
0.164892
0.152516
0.122643
0.119267
0.114925
0.114248
0.191439
0.158792
0.114854
