0.111792
0.116569
0.113017
0.149708
0.186412
0.168954
0.174617
0.119721
0.114138
0.117125
0.112672
0.113812
0.112904
0.116513
0.206846
0.204277
0.124964
0.115389
0.115663
0.115466
0.113190
0.122618
0.125359
0.115946
0.114468
0.121042
0.120592
0.122605
0.110400
0.173904
0.179157
0.207328
0.157257
0.213723
0.111159
0.161265
0.209841
0.132084
0.115492
0.116106
0.186086
0.114013
0.122597
0.124742
0.197173
0.177296
0.168337
0.121085
0.178679
0.115966
0.169559
0.205161
0.158715
0.160675
0.110903
0.113926
0.124046
0.130209
0.145478
0.206042
0.111570
0.116908
0.112801
0.112451
0.105612
0.105609
0.125473
0.116184
0.117218
0.130524
0.117180
0.119915
0.175420
0.113998
0.186796
0.169435
0.179115
0.112983
0.117605
0.161299
0.134686
0.180792
0.112836
0.120020
0.115184
0.215987
0.114995
0.112178
0.211628
0.185673
0.120951
0.111072
0.198914
0.112595
0.115851
0.205063
0.116412
0.183498
0.112053
0.176984
