18.889025
17.286123
17.502067
15.029698
20.254218
18.733541
18.274204
23.185611
19.151413
16.467392
20.912132
22.054521
21.491434
19.219370
15.332997
21.510744
18.980897
19.346139
19.802745
17.039157
21.265146
18.288356
16.435201
17.782756
18.787500
17.624526
19.644154
21.430182
19.988746
20.552033
16.064687
18.909994
16.098895
16.942083
16.800732
14.347791
18.423717
18.128571
20.578559
15.492027
16.506689
17.165620
16.110894
16.141017
16.581907
15.060339
15.404011
14.626548
14.831190
17.320207
15.119878
14.577093
16.690664
17.524246
19.583129
18.124153
15.202877
15.984277
17.130256
16.141910
17.671987
19.919111
19.919123
23.125412
24.610307
20.584379
21.545082
18.765343
20.150543
15.631241
16.769887
20.905262
16.864513
16.387398
19.745644
18.444959
19.438930
18.618552
16.737826
19.315501
18.027405
16.523623
15.791425
17.312351
18.058844
17.061191
18.732892
20.385875
18.949531
16.197704
16.066315
17.587683
18.305973
18.704358
13.462555
15.876460
16.582230
17.310760
16.981316
18.484544
