9.053240
9.251371
8.951207
6.773499
7.949606
8.955903
8.917748
9.034426
8.869217
10.393825
8.919367
8.889005
8.722372
9.202979
9.212000
8.637694
8.668642
7.932326
6.015439
6.494778
8.828311
6.519658
9.233500
10.747514
9.180290
8.466504
6.583509
7.829263
8.729778
6.467472
8.859198
8.306272
6.563307
10.474844
6.574532
9.047786
10.924750
9.076464
9.196005
9.216115
8.615006
8.797056
8.514978
8.438620
8.946076
9.039932
8.423042
8.908396
8.990351
8.754427
9.194581
8.725439
8.442765
8.954458
8.605509
10.230018
8.845552
8.855408
7.978188
8.822749
8.153638
8.882899
9.001909
8.692331
9.278243
9.078068
8.493358
8.750495
8.636678
6.473286
8.331801
6.649010
10.860856
8.860635
9.232416
10.424186
8.479802
8.543877
8.959008
8.646738
9.362155
9.179831
10.848332
8.761833
8.736912
10.867148
9.492998
8.992685
8.905754
7.776908
9.058720
9.014982
8.530834
9.221538
6.149842
10.256205
10.099645
10.808834
10.869495
8.934959
