1.551636
1.542847
1.541358
1.539636
1.541213
1.540371
1.539811
1.540664
1.541826
1.543137
1.539271
1.538141
1.539418
1.540826
1.542603
1.542084
1.541349
1.542340
1.539122
1.542407
1.541162
1.539544
1.540699
1.541851
1.537987
1.539265
1.542716
1.539258
1.542463
1.541386
1.544624
1.541045
1.543794
1.540703
1.541384
1.542614
1.535678
1.541283
1.540331
1.545069
1.541320
1.539658
1.540744
1.542281
1.541878
1.541889
1.541277
2.146947
1.539031
1.542096
1.540114
1.540773
1.540975
1.540101
1.538321
1.539600
1.539301
1.540546
1.537937
1.542132
1.541799
1.540965
1.539406
1.542535
1.539237
1.538290
1.539471
2.146939
1.537800
1.543796
1.538088
1.539595
1.539087
1.540551
1.541486
2.147384
1.539739
1.544185
1.539361
2.253572
1.538779
1.540412
1.537853
1.539723
1.540686
1.543592
1.540090
1.542168
1.538763
1.542382
1.539600
1.539289
1.539647
1.539076
1.543156
1.539768
1.542051
1.540965
1.537930
1.540472
