0.794823
0.792251
0.792334
0.789343
0.789196
0.789123
0.793428
0.791385
0.791613
0.787863
0.791243
0.787640
0.791297
0.790713
0.790387
0.787898
0.791666
0.796392
0.793373
0.789519
0.793100
0.790648
0.792935
0.790468
0.789585
0.791675
0.789770
0.791951
0.789866
0.789902
0.793578
0.790851
0.789087
0.794109
0.791257
0.791180
0.791307
0.790812
0.788928
0.790316
0.787753
0.790959
0.788757
0.788945
0.788824
0.791904
0.796045
0.792322
0.790432
0.792408
0.791308
0.789958
0.790959
0.791425
0.788968
0.789800
0.787378
0.792036
0.791742
0.789097
0.789866
0.790306
0.790330
0.790381
0.787709
0.788922
0.791288
0.788810
0.788426
0.788980
0.790781
0.789339
0.788999
0.789216
0.790984
0.791578
0.789177
0.792276
0.789048
0.789116
0.792234
0.789756
0.789211
0.792686
0.789771
0.789218
0.795033
0.791900
0.790230
0.791711
0.787806
0.790882
0.791699
0.793354
0.788693
0.792099
0.788433
0.791725
0.788370
0.789177
